JIP Classification		"Real gross output (million yen, in chain-linked 2011 prices)"																					
No.	Industry Name	1994	1995	1996	1997	1998	1999	2000	2001	2002	2003	2004	2005	2006	2007	2008	2009	2010	2011	2012	2013	2014	2015
1	Agriculture	11438857.68	10995378.21	10983956.32	11126827.1	11264588.52	11366015.88	12002425.54	11317284.3	11581021.21	10497035.09	9811793.774	9674924.685	9426037.044	9643695.202	9739537.527	9724089.165	9526869.482	9375112	9425168	9505139.483	9396866.708	9190654.962
2	Agricultural services	948179.8014	917617.5039	887843.9898	841495.3309	826795.2956	786345.5555	753910.862	729488.9514	733733.9319	740467.582	727141.8774	724051.7411	741986.0239	763150.5143	800669.8633	795816.4868	816576.9691	850217	861683	850542.3256	865305.748	867105.3603
3	Forestry	611607.9921	615740.3818	543003.432	502002.8923	464044.4777	454844.3957	470388.2923	434122.3812	405953.8901	402553.889	414435.4654	412006.0352	435188.8447	440528.8302	445644.4671	407608.9913	424939.5308	431001	400126	420699.9943	432723.5348	442937.9816
4	Fisheries	2560442.173	2276459.633	2243763.274	2183838.72	2088259.632	2019513.648	1971800.991	1969932.939	1924140.698	1750297.274	1740387.184	1711277.316	1716007.322	1745317.053	1712989.345	1549742.411	1538242.813	1438578	1433036	1451823.24	1373719.79	1366866.483
5	Mining	1697060.21	1622684.514	1711908.268	1629081.866	1531186.868	1543473.38	1608169.888	1569893.292	1466321.63	1373169.361	1251204.588	1196986.969	1110808.086	1044296.357	949799.2896	867343.1494	839555.0428	769198	765630	784180.9075	774090.5075	755484.775
6	Livestock products	5333074.75	5329272.663	5194727.557	5173262.914	5141612.44	5113131.864	5071702.567	4965070.644	5223741.152	5129701.813	5206320.668	4936073.159	4867121.154	4879663.714	4872971.44	4845357.795	4900822.347	4778892	4792817	4922568.791	4831979.633	4823540.857
7	Seafood products	5066326.894	5216460.61	5035394.522	4827968.149	4769817.627	4503839.007	4301673.536	4188534.453	4043262.622	3844868.599	3724135.234	3680698.516	3463443.872	3456258.727	3196114.243	2980522.676	2940061.084	2783000	2599169	2627572.306	2563491.029	2558869.952
8	Flour and grain mill products	1162281.888	1286070.606	1398847.696	1343038.408	1403199.218	1328465.086	1276030.163	1276077.913	1386475.971	1346894.653	1416504.653	1360742.817	1551670.474	1587274.434	1694935.968	1540369.47	1605237.254	1681023	1725986	1708694.65	1710049.537	1705815.363
9	Miscellaneous foods and related products	13144952.54	12935959.88	13151319.15	12876279.43	13150730.55	13192498.4	12781486.74	12948036.44	12633285.84	12892934.24	12775093.47	13102089.46	13521477.54	14008245.24	13822045.59	13602993.27	14126581.04	14334171	14605804	14760028.08	15034903.37	15091971.05
10	Beverages	8472908.537	8474681.978	8481493.364	8647264.288	8550369.763	8349747.353	8221322.169	8447125.126	8176880.87	8118436.787	8357989.278	7782030.332	7428370.377	7478280.714	7117404.489	7187951.264	7227160.232	6644129	6866614	6814902.492	6836003.386	6485638.689
11	Prepared animal foods and organic fertilizers	1249759.367	1138216.3	1090397.545	1139396.588	1151884.843	1121611.476	1016391.528	1034937.126	1049538.93	1011952.599	969524.8745	1031430.973	1017829.714	1093620.064	1089459.382	1130045.051	1130210.204	1045035	1054945	972846.5145	963011.4938	993072.0991
12	Tobacco	5090950.809	5089293.472	5104274.026	5056147.645	5160233.355	5024001.869	5001341.425	4780960.79	4564223.337	4314738.925	4131415.004	3572601.885	3305227.114	3180836.159	3116714.433	2982503.694	2732441.177	2162965	2261893	2303430.437	2313851.851	2142467.782
13	Textile products (except chemical fibers)	11848870.91	11444462.94	10535298.59	9809727.087	9082179.491	8079091.076	7313507.792	6396312.207	5689830.944	5337538.012	5022061.865	4614776.676	4377848.472	4285304.952	4014453.095	3326241.891	3179266.164	3365560	3210903	2943027.725	2861846.984	2899148.011
14	Chemical fibers	1263849.325	1236457.443	1229921.124	1202420.571	1117168.671	1125125.751	1100500.652	949780.7249	888116.1016	784280.9559	695274.6183	657856.0882	658059.702	555614.5552	549176.9176	614177.4257	552321.2569	481035	578022	555093.9692	448637.8661	458462.1805
15	"Pulp, paper, and coated and glazed paper"	5543985.449	5580981.282	5651199.502	5691783.598	5450789.245	5437576.056	5542412.208	5259645.464	5114566.052	5170630.76	5168719.464	5267471.476	5308360.921	5063940.981	4920643.973	4087323.787	4441779.212	4358996	4040980	4132846.294	4158322.001	4103832.043
16	Paper products	4509952.457	4546053.041	4470177.359	4488182.286	4426867.82	4303120.265	4256536.999	4108739.171	3966331.164	3792269.374	3814329.487	3725122.063	3695715.582	3855071.131	3740059.697	3333910.768	3464699.038	3357324	3244503	3195454.288	3228914.428	3394312.069
17	Chemical fertilizers	887122.6231	937370.7113	888215.1682	849965.0698	849314.98	894245.0463	845392.9774	762221.3243	773092.2791	773761.5384	825586.4119	652633.9092	650635.1808	763784.5859	783124.6371	639890.4127	693719.0066	619097	589075	579114.411	592143.2979	585853.6724
18	Basic inorganic chemicals	1938599.881	2033223.869	2103889.475	2232030.368	2235713.118	2154474.587	2170581.782	2029121.407	1956246.936	1943682.196	2032742.898	1935116.061	1945689.687	1986524.856	1981649.015	1431801.177	1609962.217	1728656	1601055	1548464.023	1412903.066	1409788.567
19	Basic organic chemicals	2283825.151	2389887.404	2772278.152	2811583.832	2986460.779	2941783.001	2460605.288	3239301.566	3144911.541	3084743.313	3348833.807	3376066.064	3885499.863	3604025.251	2926488.594	2214025.866	3383821.058	3090494	3137253	3605937.429	3209293.365	3539549.498
20	Organic chemicals	14670733.24	14627663.73	14846212.12	15834381.99	15056463.08	14980498.63	14574658.64	13370566.17	13055139.86	13005356.52	11952391.8	12041422.14	11296366.13	11179064.38	11059635.15	10739509.87	10874773.07	9865841	9945105	9770306.449	9900154.628	10640524.77
21	Pharmaceutical products	4735584.719	5194014.425	5202113.728	5066085.212	4831547.023	5085770.315	5427007.434	5479940.755	6039763.392	6097124.357	6263523.996	5691185.482	5994116.636	6491094.806	6745756.896	7180410.823	7489200.925	8190452	8258908	8345727.381	8322322.589	8843231.706
22	Miscellaneous chemical products	6223808.49	6083362.39	6379408.206	6672739.039	6561192.272	6633441.553	6844428.978	6862319.822	6364164.638	6441136.033	6612227.437	6991458.532	6906849.585	6845824.569	6627978.856	5646175.872	6130408.399	5928040	5826029	5880882.481	6112455.663	6275221.231
23	Petroleum products	25003926.53	24561567.89	26838976.65	27779514.23	26960320.58	25716506.94	24218215.28	23781828.76	22494442.98	21800863.19	21149579.15	21431875.34	20873639.99	20991815.38	19205213.25	21744311.15	20652374.23	18524895	19572511	19125800.49	18698672.71	19469738.58
24	Coal products	2934365.653	3035969.479	3632147.124	2999108.891	3187152.78	2736494.607	3125324.285	3018125.34	2810289.123	2792629.542	2419951.76	2201133.377	2488238.961	2375862.895	2157365.516	2023452.931	2210571.646	2083836	2109202	2026703.36	2053992.418	1915561.104
25	Glass and its products	1350009.422	1372554.416	1402604.164	1438692.167	1315850.618	1278564.707	1380628.574	1334794.216	1298711.36	1360802.675	1559518.662	1495000.112	1648472.543	1847528.068	1833578.047	1247231.405	1708570.162	1686391	1368978	1317582.808	1274493.05	1235196.474
26	Cement and its products	5374466.418	5211527.163	5276838.451	5130672.007	4737144.28	4532319.915	4506275.467	4294848.478	4047892.924	3743752.336	3532133.965	3464400.349	3408967.262	3295592.007	2924839.148	2522115.383	2328791.5	2392385	2463494	2546186.108	2552104.054	2380826.548
27	Pottery	755522.1703	839730.3781	879347.4698	932415.334	834908.8406	794355.0938	757237.8905	796262.9638	643755.2124	686023.9032	671389.1244	704075.0026	699538.7432	845842.0628	844356.3229	611820.3845	651374.7659	742143	686907	760279.3254	745840.1226	773835.1803
28	"Miscellaneous ceramic, stone and clay products"	2224766.295	2223960.863	2267326.512	2239179.366	2159682.425	1990942.933	2064150.156	2079176.933	1924959.316	1955950.407	1971584.862	2021487.036	2017587.14	2025067.776	1921117.933	1464398.364	1651939.021	1719391	1610761	1515562.019	1705870.633	1641443.415
29	Pig iron and crude steel	19784970.36	20864744.53	20561188.85	21698299.85	18867463.92	16438054.44	18929481.09	19592930.88	19387893.92	19610188.32	21048857.59	23607920.76	24760565.52	26524075.97	26991509.26	20678565.76	24715124.05	23406983	24822827	24554225.66	24697618.72	23396395.88
30	Miscellaneous iron and steel	13561741.45	12930654.01	12365047.09	12656483.5	11367270.49	11547988.04	11846847.6	10570023.22	9554204.866	9571923.7	9896540.827	9996936.429	10497198.45	10952988.48	9932013.379	7512541.751	8914693.848	8480645	9059626	8995823.852	8992082.112	8729093.458
31	Smelting and refining of non-ferrous metals	2692410.163	2860765.434	3181903.836	2988120.99	2802912.348	3010661.281	3392495.091	3489516.054	3554936.79	3467337.384	3222042.35	3271085.177	2570696.99	3005139.415	2988321.87	2793269.787	3557868.75	3498214	3585335	3219683.421	3474614.578	3588923.126
32	Non-ferrous metal products	6645457.712	6767741.207	7002530.933	7337966.381	6748203.344	6378761.771	6710178.727	6259422.33	6035187.309	6009471.647	6268819.517	6317318.998	6577283.571	6963148.658	7045443.268	5442102.547	6015183.361	5828818	5704044	5424927.169	5578918.937	5652985.362
33	Fabricated constructional and architectural metal products	6773318.152	6819407.216	7080375.155	6915700.459	6751130.939	6240876.732	5898087.803	5760562.754	5617387.561	5113514.66	4696589.339	4961442.67	4920058.448	4773139.626	4440291.691	4131237.398	3647673.79	3157118	3599308	3678695.128	3648722.784	3549979.271
34	Miscellaneous fabricated metal products	9730324.95	9935311.858	10127442.98	10089024.56	9417857.835	8843865.53	9005873.743	8889057.455	8392655.245	8235773.689	8302726.005	8348779.016	8474266.313	8536343.2	7960248.473	6246951.759	6804014.101	6924768	7073669	6996393.098	7173072.822	6950823.942
35	General-purpose machinery	9961469.312	10699533.04	10986797.37	10949571.14	10173700.89	9974129.44	10352693.7	10403459.02	9411880.525	9673137.656	10440764.34	11048680.72	11278803.51	11821946.98	11736216.81	8757669.856	9440721.316	10029278	10372843	9735625.352	9525264.713	9178075.053
36	Production machinery	12040284.17	13128889.3	14232880.92	14929753.95	13860211.58	12414044.77	13919633.03	12652913.08	11403534.96	12306277.49	14214491.8	15389379.14	17229083.14	17733180.01	17414480.68	10519947.88	12828656.99	14555530	14245653	13679534.65	14652334.41	14709537.92
37	Office and service industry machines	2546327.542	2836637.314	3001838.575	3113947.754	3185200.231	3256614.672	3380473.183	3185813.983	3287646.289	3282223.035	3677435.431	4038601.395	3903782.005	4488904.84	4233037.736	3524938.027	3639756.148	3405018	3255394	3291734.676	3636169.157	3477889.82
38	Miscellaneous business oriented machinery	2900649.381	2930117.74	3006085.265	3263760.533	3336528.107	3182086.599	3225718.446	3329081.29	3090964.394	3218909.743	3647407.061	3583321.894	3870420.978	4041458.117	4176437.109	3463877.383	3519046.619	3689685	3771571	3453538.253	3330704.288	3430097.767
39	Ordnance	402656.2789	429733.2112	434340.8021	421377.8812	426768.5306	269467.4547	399950.5159	231187.4299	438519.2514	94677.11982	319053.2081	360180.6246	325771.5837	258939.2819	474438.5309	491375.5749	418091.2303	528892	767718	730441.6984	761002.7691	679031.5684
40	Semiconductor devices and integrated circuits	1172468.714	1440476.901	1680996.136	1991139.892	1939421.582	2157536.58	2861947.957	2320962.714	2309085.104	2910068.482	3194586.636	3285600.228	3437322.353	3888193.096	4571079.703	3943123.676	4607973.954	4551574	4500509	3965553.726	4680146.019	4823790.025
41	Miscellaneous electronic components and devices	4051936.783	4603411.835	5035344.554	5671956.965	5538152.812	6236189.042	7150464.879	5997924.634	6407177.462	7244380.332	8353250.511	9028418.624	9966362.372	10777689.55	10924645.32	8092976.355	9272808.663	9818688	8045142	8020319.693	8572881.989	9368400.48
42	Electrical devices and parts	7820285.009	8038770.059	8097663.105	8343114.727	7700508.215	7018319.158	7468850.083	7360571.344	6910915.143	7054206.504	7439933.385	7481731.896	7722429.591	7873289.749	7783279.611	6760803.56	7223547.533	7831540	7668694	7771265.104	8332172.058	8377345.857
43	Household electric appliances	2108594.728	2311630.836	2430124.319	2400960.648	2306930.934	2213539.287	2319277.92	2396095.017	2135192.578	2208016.802	2248363.829	2307689.082	2566547.137	2646432.826	2735973.427	2665545.168	3315419.562	2726812	3329641	3639616.686	4206387.845	4317124.331
44	Electronic equipment and electric measuring instruments	1672249.143	1854159.538	1954493.5	2035187.445	1936044.525	1858042.062	2229495.102	2159069.554	1772124.664	1791438.293	2009492.961	2269444.172	2464157.962	2668941.02	2420203.37	1766493.745	2314669.909	2576050	2389217	2266883.857	2509519.126	2379401.197
45	Miscellaneous electrical machinery equipment	2581083.241	2710177.612	2806293.541	2971798.179	2747669.897	2757453.459	3052678.925	2846309.453	2509522.621	2762689.947	2807768.79	3079938.734	3576108.263	3955100.445	3328611.194	2768556.653	3196692.363	3009884	3480311	3593643.888	3926197.754	3776624.056
46	Image and audio equipment	1397068.11	1390693.308	1497442.604	1797092.49	1737511.579	1840973.89	2022886.18	1800120.255	1939920.564	2689189.712	2620943.743	2528541.488	2762049.876	2786272.631	3095775.172	2753868.318	3506080.804	2590356	1932334	1260975.954	2122645.505	2106721.85
47	Communication equipment	2022108.18	2287051.217	2885185.428	2989177.288	3021586.021	3241334.734	3868187	3546648.898	3336223.962	3435445.74	3672126.318	3745705.995	4317418.127	4879826.099	4450221.585	3714861.242	4147170.131	4287069	4119839	4423282.444	3904684.489	3922954.486
48	"Electronic data processing machines, digital and analog computer equipment and accessories"	1669211.851	1996788.457	2468769.692	2753923.611	2653793.972	2559374.511	2686948.818	2764236.001	2338860.232	2442738.794	2757746.024	2741298.239	2868911.196	3536200.457	3455848.215	3038751.561	3291258.133	3256907	2748981	2644910.018	2309747.562	2146570.548
49	Motor vehicles (including motor vehicles bodies)	18286515.29	18659912.57	18701045.95	19122786.93	17626573.62	17435598.29	18972033.43	19348739.91	20665543.8	20652177.69	21504233.49	23234618.23	24944472.83	23345844.06	25109693.18	16248771.71	20292837.93	18533749	21234142	20608082.38	21685612.07	21360766.64
50	Motor vehicle parts and accessories	16137676.11	16084058.91	16066861.65	16885974.01	15534795.4	15489610.65	16517954.64	16823088.95	18091915.66	19867238.93	21812846.12	23598620.6	24337867.69	29112652.08	27852447.03	19918424.95	25379145.1	23382779	25391611	26360342.39	26247337.91	25668255.16
51	Other transportation equipment	4591267.57	4080803.482	4175974.205	4565170.924	4672073.133	4761175.068	4726192.51	4757507.242	5084449.746	5321173.796	5474547.284	5409039.613	5950015.287	6574945.106	6745362.134	5825259.722	6110025.639	6106566	5658162	5467724.228	5853594.2	6068276.008
52	Printing	6379428.558	6601482.108	6743752.734	6801788.463	6679832.952	6338220.411	6349399.451	6272241.278	6068340.983	5960817.6	5923848.441	5908401.4	5920141.829	6010752.259	5835829.215	5458109.575	5625243.014	5214662	5108598	5131836.213	5017304.696	5072723.975
53	Lumber and wood products	4626747.654	4632328.106	4563993.405	4358676.521	3807050.541	3517977.077	3375050.397	3119563.769	2883143.009	2845165.886	2803808.721	2744812.837	2617260.161	2511549.754	2374830.096	1957693.32	1991034.161	1960925	2057802	2049124.416	1957940.209	1915770.28
54	Furniture and fixtures	4023220.262	3999454.306	4110591.723	3976035.719	3480706.822	3170838.624	3076888.855	2910379.058	2606332.212	2618128.035	2547686.946	2521573.412	2427200.747	2389192.354	2059774.052	1593106.026	1591845.937	1708382	1708863	1808554.307	1843936.697	1766927.687
55	Plastic products	10329589.58	10369662.28	10621753.77	10718595.98	10275079.11	10344020.67	10467463.42	10121261.39	10158954.19	10763402.75	11345018.69	11204332.91	11100360.54	11436408.15	10708608.46	9130780.291	10233910.74	10328884	10251580	10320813.65	10267542.21	10235706.59
56	Rubber products	3396252.864	3502841.067	3518422.39	3521183.613	3290978.417	3277618.428	3307693.636	3108990.525	3137369.881	3213496.316	3388847.439	3448677.796	3548446.575	3581303.056	3482570.086	2672820.593	3012784.073	3073535	3006369	2918532.314	2987449.562	3091583.447
57	Leather and leather products	1015725.422	953085.7954	933601.8244	848744.5094	792237.9324	719328.5839	669521.5174	616048.0911	545733.8162	516778.9592	505840.6114	485047.5129	471824.5772	486227.1333	446472.4085	353940.5931	326189.1926	334926	322677	319407.1926	310167.4794	279059.0113
58	Watches and clocks	455201.8387	428371.2266	419187.218	460039.4242	465311.0093	400490.8815	372034.8318	290327.2666	299645.8548	331819.0779	310193.0266	330410.0201	352943.6389	361975.412	319954.5831	201091.5845	284201.757	215280	277763	205718.939	179687.2042	170243.755
59	Miscellaneous manufacturing industries	4886047.072	4800946.476	4756447.068	4883659.227	4821038.319	4648850.217	4726792.237	4649510.829	4377248.68	4359264.033	3826629.945	4054684.165	4022871.639	3892177.656	3787678.168	3019177.023	3089344.209	3190768	3117245	3120397.699	3158236.501	3168014.586
60	Electricity	13618076.41	14117982.69	14636844.1	14897098.04	15358887.55	15653756.09	15697468.78	15904978.06	15899292.94	15910113.85	16154189.72	16651858.31	16510695.54	16906469.4	16957501.35	16023372.33	17060996.5	16502162	15945843	15679091.19	15379450.29	14975668.16
61	"Gas, heat supply"	2591197.698	2696892.142	2861852.349	2914568.529	2960709.294	3114322.738	3253579.001	3252607.101	3373278.864	3422560.987	3478685.822	3639758.483	3663984.098	3798690.002	3826187.95	3575631.213	3741173.287	3661342	3775669	3659204.04	3744015.678	3770426.427
62	Waterworks	3260056.881	3315277.306	3307564.998	3172253.305	3129466.225	3138171.067	3156408.147	3151790.222	3113155.658	3085533.884	3093498.02	3094854.116	3058357.811	3049901.307	3006494.041	2964015.206	2952678.105	2906024	2888768	2875871.362	2832075.349	2858365.688
63	Water supply for industrial use	142858.1012	145318.2239	146709.0798	144689.7177	144360.5782	142702.8568	142637.376	143840.2168	138425.6984	135878.004	135829.0991	134190.0626	133387.343	134112.9711	135504.505	134266.4117	132172.7519	130376	126543	124124.3848	124022.4932	122156.7187
64	Sewage disposal	1755284.985	1869227.377	2004090.539	2103643.679	2240487.537	2345743.141	2387687.452	2530324.072	2593407.376	2628636.11	2635666.273	2641394.927	2617360.599	2600141.665	2554598.776	2564790.222	2622230.837	2592138	2595865	2601920.755	2577521.292	2657060.207
65	Waste disposal	4234684.713	4285406.518	4489135.53	4583003.753	4763787.706	5013617.338	4827169.344	5153548.826	5281702.57	5324850.163	5273465.645	5300680.745	5234640.488	5256647.205	5163257.608	5103422.815	4922577.118	5054235	4888645	4775310.744	4845816.864	4884403.103
66	Construction	53195722.46	51033159.86	55357237.47	51560351.08	47133735.6	46433290.35	46290552.07	44321931.49	42600539.72	41958410.01	41519978.39	41459075.04	42067538.61	39258744.84	37035108.05	33540824.39	32124117.08	33548324	34687273	37035382.23	36886478.2	37466517.02
67	Civil engineering	37318883.12	39124669.02	38890067.34	36391770.26	37272319.61	36088865.52	34082606.36	32827977.01	30803472.8	28268433.64	26178006.25	24649568.13	22498831.85	20737553.86	19106436.64	19565043.78	18958042.55	19007475	19975604	22938106.3	23545425.67	23229331.87
68	Wholesale	56344457.12	59644473.91	61695220.63	64776175.11	63869634.99	64840039.13	63072253.26	64695872.67	65406904.49	66085890.43	69924200.66	76655034.79	74479250.61	70826715.53	69727510.36	60190562.7	62230999.04	63051759	64212157	65475576.2	61439995.64	62035626.49
69	Retail	35073226.06	36581492.36	36866588.93	35605661.15	34199515.29	33563796.16	33330397.52	35851375.44	37611228.96	39119543.44	39648631.37	38050091.48	37676043.33	39881366.01	41073793.77	44595416.88	47239191.36	48215335	49747647	51092225.68	50228960.75	49913675.88
70	Railway	7741391.93	7716838.299	7750219.87	7639659.898	7487229.378	7374516.754	7408851.506	7446817.221	7435562.158	7501754.15	7567013.614	7563218.765	7562740.032	7584164.954	7535353.649	7182109.626	7040443.274	7014748	7210606	7369703.201	7414289.318	7649214.469
71	Road transportation	20349061.93	21340292.88	19295992.78	19177859.78	18442228.85	18586431	19326773.17	19364550.53	19550560.76	20204259.43	20763480.21	20500788.62	20803174.16	21202391.27	20844155.53	19421227.77	19348383.37	18539131	18878860	18469643.95	18500573.21	17942643.67
72	Water transportation	5160437.706	5427920.163	4650244.057	5125504.56	5507578.416	5131091.732	4786106.479	4992111.066	4988246.175	5181220.52	5432654.609	5760957.122	6116170.976	6618401.327	6603204.27	4990855.352	5719438.099	5693286	5915633	5907208.97	6428781.977	6537432.069
73	Air transportation	3860272.985	4157229.237	4525207.897	4650506.878	4511626.609	4539531.741	4631895.159	4364956.39	4404867.624	4267306.182	4379895.253	4406069.44	4655329.862	4728872.758	4367008.48	3819432.156	3603772.056	3354502	3486414	3768687.953	3960857.96	4147863.6
74	Other transportation and packing	4597303.829	4664324.509	4572588.537	4375338.298	4061930.878	3788232.141	3382354.121	3478610.355	3672289.718	3825749.744	4095589.756	4308338.186	4430047.702	4473921.025	4394237.397	4172128.688	4361602.595	4444906	4564681	4638373.45	4642011.333	4653662.319
75	Mail	1951589.911	2052414.729	2120433.146	2127101.876	2105572.029	2086642.969	2086060.197	2067453.391	2017725.041	1957711.418	1917949.803	1897882.108	1899596.421	1895550.535	1861616.507	1826444.219	1793378.405	1776337	1762954	1797726.838	1796447.889	1845393.318
76	Hotels	7092889.952	7133195.424	7934988.05	7864136.572	7828104.405	7796534.015	7951279.313	7823270.367	7522472.664	7157871.379	6718309.899	6502220.563	6313984.063	6382636.461	6339565.085	6061228.013	6218853.456	6051321	6334043	6542160.25	6400159.614	6498640.341
77	Eating and drinking services	27564039.95	28125058.48	28540752.64	28586979.75	28734251.41	28857840.86	28465750.32	28615954.57	28118174.85	27290275.89	26728822.35	26481500.77	26471885.27	26594969.73	25695756.69	24497283.55	24127584.44	23304328	23397190	23122525.57	23118273.99	23199309.82
78	Communications	5207906.819	5842308.361	7087126.408	8529614.231	9444265.338	11245167.69	12955184.74	14059146.18	14605210.88	14681992.75	14062732.5	13752149.66	14825206.41	15781672.35	16201405.3	16650827.87	18040393.67	19470330	19858118	20589244.13	20896581.83	21387101.02
79	Broadcasting	2443686.356	2690773.545	2993713.099	3088033.156	3049127.152	3062637.19	3177560.746	3267986.811	3416661.044	3525985.93	3566100.263	3607496.205	3689631.38	3786730.972	3850802.574	3996025.377	4080311.526	4161126	4138434	4172353.326	4055630.085	4005408.452
80	Information services	6258062.163	6709938.353	8021735.417	8916978.053	10921765.89	11928168.24	13212855.1	14963616.9	16125757.8	16894585.77	17398436.12	17954205.19	18372832.08	18787153.51	19211554.62	18468314.93	18135428.38	17847859	18368227	18828160.38	19045463.91	19397210.03
81	"Image information, sound information and character information production"	6704407.259	6816590.639	7044685.052	7073892.559	7315098.08	7222425.646	7513721.844	7558465.908	7554181.667	7626289.334	7747859.683	7778966.684	7562319.722	7346339.982	7154166.252	6721842.946	6457888.514	6136388	6149709	6014854.116	5851160.461	6018428.805
82	Finance	22355406.72	22176170.4	22907548.97	23149355.08	23443946.74	24186412.78	24689349.12	24424354.52	24058819.36	23887835.79	24293427.5	25268602.44	25619314.61	26040571.64	24033283.99	23538459.04	23593385.33	23260379	22957559	24694046.85	24359682.85	25156626.44
83	Insurance	15905339.93	14833242.15	15498588.97	15639114.54	14373689.52	13101676.77	12405343.9	11713011.19	12156893.42	12463657.96	12244851.59	12918210.83	13344742.67	14822765.41	12128621.75	11911101.38	11476726.09	11315961	11985676	12523204.88	12643814.49	13682707.28
84	Housing	36595468.07	37391268.57	38229364	39065788.06	39780356.38	40678134.45	41708713.36	42720108.71	43661331.82	44567178.42	45346696.3	45917051.48	46502965.57	47107468.02	47654255.45	48268916.38	48865694.62	49284586	49934066	50683849.76	51421753.49	52065258.52
85	Real estate	20809229.22	20588872.76	20658980.7	20331396.49	20006091.64	19666966.73	20093047.94	20482694.4	20521655.94	20518825.5	20640752.57	20812671.86	21701089.65	22447664.63	23137191.35	23843532.18	24810381.29	25677926	25786534	26052761.91	26082128.83	26072311.73
86	Research	3575950.489	3696649.709	3835491.077	3943243.828	4063517.152	4111743.444	4290155.538	4441938.34	4537896.5	4619805.248	4361732.543	4248814.101	4441394.719	4495228.557	4444031.355	4394175.747	4248955.619	4126219	4025135	3964313.32	4134055.566	4324892.65
87	Advertising	6124421.121	6577166.76	7034833.843	7254316.325	7945811.218	7614027.215	8153728.36	8125981.231	7717960.948	7812503.28	8053302.865	8295796.382	8095142.774	7627188.014	7604084.14	6410990.514	6240689.992	5933478	6185165	6260146.284	6315094.68	6408006.693
88	Rental of office equipment and goods	4970957.992	4952830.265	5312066.851	5493810.389	5867707.748	6516331.232	7173632.767	7581746.951	7796881.549	8215794.702	8878986.12	9323558.604	8950522.59	8658080.874	8542604.826	8808207.232	9412116.609	9794502	10554806	10280964.29	10196878.17	10312221.59
89	Automobile maintenance services	8529104	8203794.621	8848217.6	9393724.821	9290570.918	9887577.041	10577634.81	9718796.744	9565829.702	9764881.297	9986744.185	9995145.142	9573688.295	8974653.848	7863397.04	6166627.805	6399253.979	5437681	5367592	5307839.952	5464522.247	5446817.461
90	Other services for businesses	20970701.46	20642083.05	21634478.37	22018287.13	22157546.34	21788361.13	24324300.29	24948439.45	25209979.73	25997136.07	27021301.46	29383913.17	31863775.52	35084864.4	37736405.01	36086745.77	36266421.43	38038574	37670906	38728827.15	38183132.32	39143642.55
91	Public administration	30597457.95	31823971.31	32158160.05	32659433.14	33210504.72	34000267.25	34912043.25	36014806.93	36783569.37	37645774.8	37764660.19	37318565.73	36852963.95	37004987.58	36702391.05	37243918.16	37988909.12	38126185	38123828	38743869.44	38461089.96	38612812.99
92	Education	19526785.82	19969108.28	20224664.83	20266658.19	20246279.78	20440391.1	20513702.62	20769036.53	21105935.29	21374245.08	21444338.39	21639331.19	21740899.23	21865926.93	21932842.94	22303775.92	22303816.2	22699444	22973155	22992502.54	23105520.14	23353360.12
93	"Medical service, health and hygiene"	28434591.37	29782184.6	30854219.05	31469415.45	31767717.19	33498422.01	33749683.26	33032656.47	32668812.96	32349091.51	32025167.65	33017075.86	33581756.02	34246101.91	35045373.14	36069419.34	37128960.36	38423420	39448708	40126421.02	40696789.11	41997679.71
94	Social insurance and social welfare	6659642.703	7092247.193	7426836.254	7739809.655	8532225.056	8935671.901	7933534.458	7913783.926	7935846.318	7883148.592	7945580.799	8006890.987	8280694.314	7869386.653	7508386.344	7452984.523	7514693.778	7928092	8471571	8714521.1	8496075.394	8984189.536
95	Nursing care	2658441.116	2658441.116	2658441.116	2658441.116	2658441.116	2658441.116	2658441.116	4105087.29	4716300.66	5326995.945	5959682.113	6247508.108	6312356.963	6637142.612	6967849.402	7348203.759	7762799.474	8148726	8789033	9244784.698	9625438.639	10148291.21
96	Entertainment	12306054.01	11647227.83	11598257.63	11137407.81	10628183.29	10347641.15	10872011.54	10744712.06	10940679.39	10675381.84	10570530.17	10452189.16	10541631.55	10138366.14	9760117.511	9731381.472	9411274.279	9148071	9602557	9764597.711	9538100.512	9314036.982
97	"Laundry, beauty and bath services"	5011265.7	4927464.861	5296642.769	5595776.93	5785846.009	6164448.406	6577534.16	6463171.871	6389192.747	6314386.992	6466315.223	6327973.188	6313070.206	6409879.655	6542227.028	6266334.646	6160562.923	6026848	6133810	6149654.679	6115534.463	6010411.906
98	Other services for individuals	5853220.35	5819011.415	6091486.673	6178603.764	6325939.928	6557945.705	7430721.995	7452273.73	7499117.95	7724676.51	7879660.749	7935880.172	8133838.582	8050493.105	8050076.795	7930782.603	7864771.16	7897698	7877970	7793022.509	7652647.087	7644028.729
99	Membership organizations	4649371.07	4612495.368	4622373.272	4403722.111	4534158.33	4231576.108	4082035.778	3813150.603	4436628.397	4740762.038	4957421.375	4864910.092	4677670.825	4990852.027	4637931.789	4427472.744	4495464.056	4921618	4938840	4819986.622	4501820.544	4255664.054
100	Activities not elsewhere classified	4401173.489	4422665.641	4318109.129	4165885.057	3861469.067	3724972.814	3588405.493	3492279.524	3441543.848	3493775.782	3536241.34	3520004.96	3692906.045	3913614.306	4337428.568	4377774.495	4835528.26	5064310	5201072	4921448.835	4892373.494	4879048.279
